name:3S43L
o1rewards:[20,16,20,0]
o1probs:[0.45,0.09999999999999998,0.45,0.0]
o1days:[0,0,0,0]
o2rewards:[39,1,0,0]
o2probs:[0.9,0.09999999999999998,0.0,0.0]
o2days:[60,60,60,60]
