name:4S37L
o1rewards:[20,16,20,16]
o1probs:[0.35,0.15000000000000002,0.35,0.15000000000000002]
o1days:[0,0,0,0]
o2rewards:[39,1,0,0]
o2probs:[0.7,0.30000000000000004,0.0,0.0]
o2days:[180,180,180,180]
