name:4S75L
o1rewards:[20,16,20,16]
o1probs:[0.4,0.09999999999999998,0.4,0.09999999999999998]
o1days:[60,60,60,60]
o2rewards:[39,1,0,0]
o2probs:[0.8,0.19999999999999996,0.0,0.0]
o2days:[0,0,0,0]
