name:3S76R
o1rewards:[20,16,0,0]
o1probs:[0.8,0.19999999999999996,0.0,0.0]
o1days:[90,90,90,90]
o2rewards:[39,1,39,0]
o2probs:[0.45,0.19999999999999996,0.45,0.0]
o2days:[0,0,0,0]
