name:4S9R
o1rewards:[20,16,0,0]
o1probs:[0.9,0.09999999999999998,0.0,0.0]
o1days:[0,0,0,0]
o2rewards:[39,1,39,1]
o2probs:[0.45,0.04999999999999999,0.45,0.04999999999999999]
o2days:[0,0,0,0]
