name:4S40R
o1rewards:[20,16,0,0]
o1probs:[0.8,0.19999999999999996,0.0,0.0]
o1days:[0,0,0,0]
o2rewards:[39,1,39,1]
o2probs:[0.4,0.09999999999999998,0.4,0.09999999999999998]
o2days:[90,90,90,90]
