name:D29R
o1rewards:[20,16,0,0]
o1probs:[0.8,0.19999999999999996,0.0,0.0]
o1days:[0,0,0,0]
o2rewards:[39,1,0,0]
o2probs:[0.8,0.19999999999999996,0.0,0.0]
o2days:[30,30,30,30]
