name:4S71R
o1rewards:[20,16,0,0]
o1probs:[0.7,0.30000000000000004,0.0,0.0]
o1days:[60,60,60,60]
o2rewards:[39,1,39,1]
o2probs:[0.35,0.15000000000000002,0.35,0.15000000000000002]
o2days:[0,0,0,0]
