name:D34L
o1rewards:[20,16,0,0]
o1probs:[0.9,0.09999999999999998,0.0,0.0]
o1days:[60,60,60,60]
o2rewards:[39,1,0,0]
o2probs:[0.9,0.09999999999999998,0.0,0.0]
o2days:[0,0,0,0]
